x[0] : 1.20048e+00
x[1] : 1.15861e+00
x[2] : 1.59424e+00
x[3] : 1.66005e-01
x[4] : 1.71080e+00
x[5] : 1.80192e+00
x[6] : 1.22055e+00
x[7] : 1.38643e+00
x[8] : 9.58678e-01
x[9] : -2.13381e-01
x[10] : 1.56381e+00
x[11] : 2.23941e+00
x[12] : 2.93457e-01
x[13] : 1.99223e-01
x[14] : 1.54280e+00
x[15] : 2.73071e+00
x[16] : 2.64568e+00
x[17] : 2.10628e+00
x[18] : 2.03795e-01
x[19] : -3.51376e-01
x[20] : -7.78013e-01
x[21] : 2.90373e-01
x[22] : 1.64482e+00
x[23] : 2.95679e+00
x[24] : 3.69331e+00
x[25] : 1.22541e+00
x[26] : 6.79805e-01
x[27] : 3.99413e-01
x[28] : -3.11473e-02
x[29] : 6.23919e-01
x[30] : 1.88885e+00
x[31] : 1.64566e+00


<<<   ||Ax-b|| / || b ||   >>>
5.63825e-08
